77207974
77456049
77324601
77553486
75831937
78221030
78091569
79850939
77682460
76612681
76110165
80458467
78992756
78212684
78724124
78534759
77964364
76935600
76750890
78673755
78703134
77903080
78679518
79600795
79085745
79373673
79452114
78267089
78805443
79298783
79823915
78852891
77913492
81468043
81763255
80768208
80548756
79687075
78858096
77579229
77429307
79675619
81261307
83498713
78618833
78271630
78176463
78935446
78611389
78774459
76006954
75955717
78783081
77819620
77469836
77363046
77682243
77894017
77095263
77272208
77502508
76673677
77290998
76322432
77662850
79230744
79468771
78176051
78294322
78111740
77944999
76592573
77820189
76425898
75871129
78469885
77920841
76985830
76318931
77129499
77662246
77735795
77955259
77413459
76723958
75790199
76286892
77819555
77376902
78682967
78229760
78760714
79588384
79316796
77281879
76920592
77483520
75595219
78691876
78116424
77412051
77172439
77901544
77394147
77932818
77360845
76785910
78243864
77450752
76661185
76873136
77707812
79741923
78025453
78038373
77494382
77914356
77127180
79076165
77996899
77852276
78668877
77480201
78327426
76501667
77858087
79104065
78663557
78217775
78708199
77901643
81907181
80443229
77620326
78758760
78288609
76057125
77654774
78123603
79392137
78204631
79140884
80151053
77491746
79303684
79894131
78803700
79660675
77599181
79953460
77679801
78228682
79032367
78345259
81995549
77245910
77362496
77138728
77498184
78471452
78059405
76579595
78583433
77611763
76572643
76781718
76240570
76871987
78047114
77150489
76502977
79476390
77903602
81267862
79616571
77684391
78077490
78875985
78207839
79509466
79592707
80161893
78536697
76040878
77226148
77682060
76329572
77134946
79989376
80270108
78994887
79118467
78146580
78305494
78551531
78768717
80275711
81848780
78385199
80644019
79578739
78559583
78237324
78378851
79804386
80244997
77793494
80181706
76641648
77295282
76952630
79189059
77543001
77855472
84038174
80106683
78495767
81071238
81016943
80032846
80315709
80251516
78699770
78620377
79105507
79831075
79409914
78566904
80405576
83067288
80524580
80260754
78327916
80012093
80053664
78901168
79539877
80010191
80073618
80154889
79293548
84301833
81326912
80890681
78695861
80563013
78681031
79033198
78533254
79286898
77845536
76832998
78314078
80393137
77336839
78813157
77389021
78059464
77923519
77549964
76679533
79765152
78498577
79762350
78544885
78583009
78029006
79614968
77329474
76482822
76713313
77191753
82659712
79390547
79923163
81061606
78998200
78407992
76699111
77756234
76731848
77410350
81543657
79428302
79481643
78028191
80999063
78433514
78895332
77952805
77536013
78807660
78564835
81223123
79396292
80108015
80355939
82194363
78663670
79145695
79257060
78382679
81625586
79544448
79329734
79291069
78770964
78172676
80035289
80145207
79992962
78099212
78367433
79018014
83782842
78489603
77713200
79404050
78330560
78130510
78757432
79603226
79745354
77561660
79457340
77716798
77334158
79624815
78349691
79904747
78212626
80237036
79730923
79594502
79283584
79844014
78686300
78249210
79134138
76872877
77655790
79160589
76571870
77602796
77959712
79195953
77991288
78638395
77674243
78188557
78371713
80712189
78027409
78790289
79656929
78925617
81096018
78827267
80928551
77531791
79516196
76423465
78504046
77850281
78129986
77701515
78042182
79440137
77562910
77121010
77271508
79868884
78306336
77594411
77970147
78210287
77243822
77354412
78728668
80957871
77247018
78019160
79412246
79756005
77141938
77794483
76663491
77451048
76280817
78349123
78502411
77901466
75384167
77566126
78301276
78904123
78509368
77210964
76599439
77991377
75388817
77924755
76013909
77765442
77422939
78044680
77946602
79247835
78992981
77356212
77504079
77261974
78849504
77377678
78844758
77183890
78976466
78066934
79204330
79181525
77799736
77354524
78701609
76968023
77922355
76968329
78623816
78126927
77541741
78169061
76499237
78614040
78781037
78075324
80063032
78427903
80401533
78906134
77474983
77929665
78455054
78469052
77572833
77907955
77337724
78114976
77724553
76120997
77611961
78788422
78518283
78771798
78434398
77693156
78980730
77752036
78917962
77227892
77157474
80208689
78354062
76606878
76885278
78181685
77997576
78990516
76964716
76680671
76884191
77285042
78821036
78251199
78230906
76002318
78037678
78858410
79896601
77263488
77800662
78855441
76487223
77909607
77617682
78779443
76438138
76660042
78961783
78542915
77566419
78741312
77708060
78553214
77213775
78398287
80981122
78113999
77650429
78148593
77750434
78909183
81548566
77765787
78141205
78946152
80033179
79347522
78930424
78930214
78865878
77928722
77447604
76312586
79902463
78179190
80086790
78614747
78103696
77129183
78415118
79221611
79437470
77931937
78695956
78500385
81810082
77367771
78810018
77469449
79780557
78520440
78459335
77196809
78978155
78700053
78636556
77188218
78077721
78854524
76634749
77947814
78154245
76623295
77161804
79935900
78115112
79008184
78421246
76584676
79168940
78614084
77868234
78146644
76023639
79449964
77764224
78407636
78711504
77548118
76788404
78539152
77906106
77414060
77939287
77380407
78884939
78168907
78950350
79095151
77362197
77413217
76567761
77568689
78285240
76270236
80640309
79219718
76940226
77941009
79018271
77412218
79382313
78733572
76412719
78764521
78175220
80098637
78350912
77809359
77471878
79906809
78465242
77171931
77442499
78423067
78880426
81505845
79534669
77252480
77611436
77505013
76425195
77578703
77567208
81168665
78431002
77918192
78150227
76979424
77369641
77667658
78386541
78046200
79419501
77288442
78379610
76902038
77278421
78800963
78393420
79380356
78210387
80240493
78505134
77975980
76505430
80459134
77731108
77681205
77353900
76768749
77284170
79683794
77601724
76329637
78217759
79908800
77841714
79562096
75738555
78373150
77846876
77441804
79989080
78090244
80437539
78011011
76679489
78601098
77722436
78405020
80429836
79224963
78675727
77408744
77225142
78174191
77673817
78584242
80271441
76958297
77782162
78447096
76062117
76124438
76890245
79584130
76539290
76266168
79265400
77172725
77118439
77828563
78743274
78206518
77739886
76029589
78758440
76892816
78472244
77799691
76310897
78891180
79278757
81776749
77667445
80082835
79421016
76741067
78630396
78625034
77593764
78593666
76911391
77363341
77453109
77368682
79639966
79811398
79093648
79130062
76236019
78198340
76838859
79824375
79295810
79318572
79189733
79917502
77685957
79278984
77353550
77961564
78318510
76821554
78815431
76940624
77894161
78672400
77906877
79866158
79486205
78746002
80180210
78285523
79076132
77360016
80309932
77477044
77883657
79171607
77752642
77716916
78274523
80872226
78391010
79892903
77828278
78976264
80120125
77052606
79190391
78186640
76934278
78573048
79324105
77777410
77251431
76328775
79018347
77938417
79030694
77928038
77799557
83247358
77198537
78242498
76845799
78296949
76547889
78090599
76630238
79030377
77969188
76620358
78607290
79185037
78585599
80360916
77550019
80079793
78400848
80632902
78824030
77554162
80051373
78515088
80902995
78903006
86967883
77776182
77538388
77030297
79162695
76788046
80014600
79152246
78823924
80009421
78343114
77474335
79452833
78564162
78271821
79161862
78682020
78499992
78676385
79042604
78155473
77702971
79497075
76746596
78193352
77954165
78519369
79301955
76095599
78966881
77981852
77246475
79737830
79971928
78906770
78222031
76403173
78846801
80975548
77645161
77963331
79984856
79808698
77378947
77962594
77395704
77832399
78431124
79192992
78804976
77988136
77611935
77437840
77704837
80642869
77429100
78407113
78376578
78826103
78182435
78419923
78775575
77658846
78963531
77901223
80225451
80018395
79894390
79062067
78145845
78597431
78502717
77652223
80497900
80683029
80351286
79775788
79056474
79300116
77482814
79984399
78591602
78136722
76752467
78898851
79354819
78236728
78589978
80115365
76892440
78421570
80291721
77783434
79623008
79124692
78470300
77766599
78525939
77002176
76254859
80218535
82210613
80714388
81094561
79378485
76702751
79463991
78765308
79203039
78341536
81376275
79641370
80358426
79364263
79163296
78788446
79836486
78329137
78919630
79082029
78159329
76098442
80539940
80191097
76375272
77839270
77557826
77267080
77349919
78779752
78762202
78659006
80325849
77763833
79655270
80513739
79099825
79645782
78590504
80478813
79272356
79126891
80569133
80140258
79490601
79546161
80113710
77744220
81366202
80189245
78872593
79811961
77383818
79889645
81536975
79903176
81334173
79119173
79506895
78618151
78004586
82344003
80130841
79576571
80293633
79354004
77256145
77153841
79621412
78973941
80589028
80105453
80953195
79890681
78216847
78096811
79885882
78937767
76848947
78936636
78089159
77879455
78042410
79068544
78111152
77522895
79554627
77392589
76921945
78234714
77154596
79465951
79435249
77311375
78302955
78769658
76066750
78708269
78312518
77377945
77550149
78620874
77503960
76294677
77237231
78503612
79091563
77243250
78072834
79172597
80214417
78655879
79008219
78966161
77432038
79002087
79918410
80136217
78042970
79064949
77289834
77021357
83414416
84512738
85177046
82731865
86290752
85736021
86488700
85678200
83568879
84947472
85418951
84873280
85213965
84944419
83880333
83246362
83100731
83345845
84275558
84135372
83629287
84668492
83516285
82893928
84089116
84494543
83324543
83348226
84440238
84721056
83969978
85771395
84084847
82988993
84383692
84631915
84712544
84735916
84388894
85001097
86184738
84845425
85011145
84500199
89053432
85396702
85391074
84409657
85224169
83681627
84784255
85758072
85895106
84192963
83701344
84392756
83708803
83346856
84381866
86975499
83770561
84311551
84147726
86016739
82691028
85670823
83429210
84882935
83261944
84345154
85152675
85466850
84634117
83262368
84095626
85381976
83776289
85487797
82761372
84404434
84782750
84572784
85414086
84853023
85474105
82881946
84552288
84004956
86775324
83650395
83709278
82628478
83968657
84731597
86584258
83842515
85092831
85106907
83113081
83532922
84540292
84311842
85256346
85776730
83072044
86708720
84914760
84948336
85659668
83604554
84010727
83850894
83696933
83973905
82732526
84843015
83886021
83528784
86199382
85863316
84071289
83395843
83665697
84856796
83473846
83495652
85238966
88888678
88130859
84008541
85161752
83483518
84018102
84335551
84675044
84438231
84434504
86694002
84162558
84453483
87730779
83620362
83358277
86507650
84127018
84145644
85345698
84707422
83655515
85157626
84538064
85330074
85725654
84786730
85826248
83736490
84020712
82430788
84568604
83526040
83634759
84357352
85120068
84566061
84303290
84085075
87793954
83646750
84520777
83303357
83901371
84226926
82948531
86346263
86583873
87136261
85368938
83950324
84106619
85088709
83987556
84709769
83668198
85526351
83283409
82973572
84005602
84937895
85891726
85369403
84277030
84428095
84318500
83092508
85726102
83067854
86637644
82346322
84527042
83982200
84757743
86947595
84218025
83702168
85863120
84856835
84837674
86430307
84777264
85882594
83874498
84987239
85546072
83662030
84795073
83942670
83177983
82892641
83928149
85022146
84154120
83287309
84141920
84631181
84630067
83685557
82908059
82313512
86342823
85337008
83787134
84713457
83652139
86161797
85320326
84100455
87745735
83631655
83478934
85142322
90471994
84428568
83425807
84032159
84434681
85080254
82977103
85628280
85483241
83576739
84849830
83865190
85349138
84637858
85826273
84237774
86648231
83014996
84965263
83639038
82883476
85518718
82648564
84530220
82996796
82592542
83738383
83957206
84592713
85562658
85011283
85324467
85149317
84472354
85268914
89047499
83474466
84207600
86543204
85274097
83490522
83736303
82870140
84777947
83859234
83653477
83308144
84689108
84242232
83430137
85042672
83534434
83154285
84355663
85698075
89428143
86346099
86482514
93232159
86295519
88564594
84756177
86365197
84255156
83009286
82676408
83545974
85775101
84903653
85003249
84247991
85117260
86914174
83844636
84458691
85180625
84605280
84346784
85407834
85218532
87673405
84046307
86357457
83553890
86779291
84446497
83420638
84848428
84685671
83949311
86467408
84402290
83400751
84642487
85378366
83346788
84935999
83923680
85825380
84268250
85346772
85167200
84513830
88029192
84195722
84886204
85405485
85809592
84149552
86356638
84267273
84385608
83948691
84266355
84293425
84392021
84604412
84891955
89565839
85034124
83241738
84501918
84375562
84387673
83853094
86275052
85122373
83654617
85438780
85079748
87611892
84768243
84217779
86295341
84608958
84935933
83524793
84242039
84398712
84823131
83426649
83484116
83997020
86659254
83786213
85227617
84649424
83723034
85807331
86950740
83371186
85101544
82594749
85953699
83323044
83383138
85440831
83001078
84108720
83408695
84434819
85603966
82445487
84710505
85945463
84996091
84587236
83553169
84318236
83219207
83887607
83993905
84416279
85560879
85448686
85859844
85850093
83022178
85530335
83417806
82806293
85799476
86240974
84679089
85667286
84439542
83048275
85116198
85203897
84630170
84918347
85810257
83230448
83491528
85353986
84947039
82782340
84806010
83529069
85431611
87225933
84243087
83798131
83275781
85015500
83370855
84829906
84065565
85060259
84157114
85543475
84736160
84514802
85355729
85909987
85137158
85785261
86576773
83506760
88270303
83097968
85346696
85275772
83530037
83931610
85079885
83707486
83358438
82976104
85068866
84035397
87426976
85390567
83064893
85082948
84885943
82929625
84720122
85553431
83319587
85671723
83088973
83753634
83812276
85506297
87288838
83576097
82925286
83586285
84846566
85603656
85282209
83662848
83929075
83283234
83871065
83527767
84789112
83787411
86210011
85050540
83971463
83756891
84598190
83085742
84111269
83368498
85882652
84427130
85121038
84464808
83682315
84334575
86035454
83956888
84968376
87091488
84897952
82423366
83593887
85738439
82778855
84465609
83445147
85821488
85362522
84393152
85158476
84732762
83232075
85223203
84809342
83479523
84706574
84638303
84066754
84616236
84142230
87221937
85376836
87607314
83915551
84982907
87523596
85555491
83841612
83866541
84327233
88077194
85577994
86316938
84492140
85688363
85570672
83621181
83344429
86054638
82768542
83148739
82727138
84107014
84317248
82873879
84282802
83712957
83075920
84299579
85183476
85343561
82758104
83968615
85197368
85590881
85253999
83189318
85918444
85542465
82532278
82132894
84077072
82729587
85253419
84254456
85703888
84238441
84190193
85449106
84704435
86414074
83633681
83173586
85779684
85246005
86315608
82222463
82689848
84377121
83059140
84192926
84584958
84293239
84461654
84254825
83956807
84364515
84441992
86260938
83253258
84652591
86537236
83545328
84811691
84492827
85201798
85033558
85551856
84790347
83675240
84038102
84906965
84433278
83921269
84755947
82365996
85090917
83694817
85914257
85966551
82787675
86248050
83827398
84590585
84985051
84493352
83595202
83476182
85692901
83910221
87906653
86038769
84356807
85170941
86235506
85758531
88389362
85864662
84630952
84840930
85047499
85366110
85346581
85995232
84843759
86800925
83899777
87182789
86298578
84260311
85280238
86609611
85306645
83457625
85641370
84293900
85814764
83625657
86057944
85087503
84599930
83398638
84751761
85414227
85463548
84889832
85194927
85321579
85008872
83436317
84635962
83830667
84300994
85298905
84353370
82812754
83653174
85052140
84609152
85497425
82631434
86182482
85086732
85174757
90172812
83354591
85224332
84074688
84352696
85522525
83012747
84327320
82424672
83815533
84192537
85997766
85841855
86568845
83425094
85536018
84173851
87115342
84482189
86220752
84675062
83482452
85244806
82785553
85061575
84167311
84860497
84462670
84439512
85677830
85209789
83215084
83036196
86732267
83931456
87439135
83386806
84162112
85189206
85362267
84279004
84945649
84644429
86080825
85636707
85272736
83486543
85732664
82928561
84104877
85558514
85696843
85025354
87176510
83070736
84829192
83489179
84108397
83822139
86535275
84449950
85413224
84002250
84557561
84902924
87114747
84565722
83414332
84719148
86785186
84123210
86007067
83657868
83971636
83836727
82661519
88928636
83376502
83515962
83623947
83665889
83235317
82877539
86396162
85480609
84552841
85777240
84417307
83874726
84713884
83464989
83982216
85168287
84627577
84956895
86130547
84239845
84553690
84970282
84454493
85932499
84868580
85026193
86136008
85733121
85913296
85753653
85652390
83068370
85139449
84240285
84581122
85029566
83925352
83014973
86042938
84034930
85285742
86201276
85450866
85085866
84911529
84853576
83111817
83941991
84031251
85666425
86360844
86848479
85227250
83641332
85809082
85195033
86561141
85557740
85853401
84986546
84508125
83891124
84656912
83904921
85456500
85394901
83840792
86348667
84430300
83347768
85173559
84171615
84249819
83183817
84169785
84082127
82925712
84465448
86577551
84555982
84226913
88050106
85278192
84511334
83152351
82865962
84719321
85188545
83691158
85767287
84362708
84685977
86375787
84442152
84190915
84858684
84102498
83696807
84650334
84369830
84458335
85073465
84131019
84576818
84572926
85105149
85122326
84976966
85923648
85048278
84878921
82855596
86055859
83344898
84571219
84462686
85890221
85799972
83958449
84739839
85006654
85150332
84698071
83974067
87200607
86125630
82744197
83991882
82767832
84215494
84478770
85430742
85112182
86430517
84652108
85817868
84820303
85506167
84532521
84511390
85969810
84758982
83051017
84140318
84624180
85206146
85526075
85137741
84712749
85973388
85031111
84274431
85564658
85569161
85285047
86546068
86494226
85557739
84363994
84295098
85449282
84756692
83934870
83634044
84235108
84407466
85034234
86824924
87057814
84265124
85710184
84759004
85233972
83876207
84828141
85890719
84374429
84102111
86173054
84625501
86334520
83867964
84608045
85382345
86331075
84948957
85429845
83579123
84210952
84444363
84710108
86940011
83394309
88837271
84959040
87381396
83652422
85909860
85398426
85823390
85605350
87471115
84675528
83625832
83870729
85173444
86029231
85978704
89558095
87430368
84488993
83050964
85343468
84911798
84069619
85468025
89175312
84371703
86386186
82870639
85060234
83911230
85218021
87656435
82701115
87550722
85334912
84049073
85327538
85971466
83550861
