88606996
86179588
87354461
85818895
89918580
87599361
86580874
87700032
88402860
85741872
87317654
85294630
85044144
86193600
85363967
87297094
84956206
85439041
86231928
87557454
87351171
87414206
85853648
86841226
88252413
85359813
85864266
86194914
86104605
84842735
85348909
86045634
84619092
86968877
87331538
85467463
86236197
86786811
85779425
84402331
86718655
85955516
87142398
86894796
84464887
84435768
86504796
85783894
85227806
87238776
87253504
84866263
87393798
90343507
86265109
85919997
86753637
87738913
85292140
87722667
84592077
93935327
87128138
87897260
87605888
85090342
87923457
86324569
87758050
87875874
86772930
88661707
87362553
86780334
84566953
85421268
88235579
86648290
87527249
84486327
86468442
85643008
85652571
86260701
87418527
88549103
87058963
86030096
86578066
86479078
87642922
88617024
88605843
88666997
88749319
86123629
89222525
88316508
88468529
90433758
89925954
88716763
88869813
87365708
88863202
91782771
89382462
88390540
87889659
87489042
88315917
88260070
89090190
88229971
88500880
87122036
87136973
87132892
87740901
86788156
88685369
86994130
89051172
88356337
87032449
88405750
88071056
88746018
87672588
89110270
87130100
88318569
87708152
89683179
88606707
87874195
93770849
90240862
97965527
89599991
89251613
138051952
93224423
93520420
94630197
94610840
94734447
93060883
97538640
94633177
94837689
92282247
91970307
94540739
92451652
91861013
91688662
92835130
93159182
91194257
96074621
93427085
92462807
91044198
91829284
90898746
94161496
95563684
92597895
93759088
92852341
94968798
94383303
94709247
93634550
94897400
92744592
94910602
93725986
93406533
95120070
95039586
96571715
93415090
91597225
93358461
97501870
91645571
93761670
96357626
95478805
90758893
94973117
92170325
93932915
92558307
94877411
91960527
93444915
91756116
92901092
91746188
93451030
95509978
92050214
96981212
92090047
91643434
98353983
91349457
91557168
88659747
92751742
90475815
90443009
95215041
91176923
91572619
87901401
89515611
91206675
91895911
94361503
92184852
92148789
92176604
95852700
90208903
89165606
91197150
91945443
88905258
99738658
90002425
88280462
92017327
92642300
91711162
91379926
91165743
89320053
91266666
89710015
92615353
89262203
90839535
91650666
90626953
90924076
90990160
90035377
92827222
94710868
96862503
90081698
97824584
91847800
92495002
91510532
92384464
94805313
90307719
92336888
91089729
94485480
91946388
94549680
93516273
96023303
94043401
92234842
90432828
96821693
91360931
93100600
94220172
96103814
93277361
89805218
94607966
93379016
93307757
95267643
91784339
90360263
94325592
93452927
92996805
89992695
94577172
91098522
91655512
92541385
92793940
92520216
93465205
90095123
89815507
102056841
92494178
89804947
93559232
95960435
91434217
94293683
91415772
92976547
91668017
89935499
92508674
92451316
89875749
89334282
93483874
90344388
89560369
90273175
92038135
89429503
91776204
90826197
93265072
90253004
88797736
93445491
92764518
90456352
88593212
89586019
90281986
89553830
91552040
88900446
89659181
90298756
91992030
92431060
95629481
92007310
89291733
89518962
90701315
90946429
92563104
90103000
90296249
90166209
91550547
90206512
93093345
91802705
89920518
95011316
91949406
89582819
88673452
88924320
92753175
89337714
88876154
90481616
89871909
91936366
90923812
94699105
91180249
90070388
91338248
90973279
92884420
95125293
99273068
90862395
93377040
92427850
93293978
91918657
92060103
92078284
94629756
97466354
93366868
95485116
92043520
93115578
98171891
91096065
94164377
93118335
96043921
92365336
91173339
91686867
93246083
90260482
89584816
90418251
92153389
90398148
91771329
90285372
96595936
89743545
90305677
89732673
93668977
92508674
92985631
89285040
90095012
90848914
90588617
88877811
92739512
91827582
91191012
94235294
89746612
90239610
90460581
92424820
93514493
91891916
91183398
91481538
96342041
89942990
90567563
90500260
89897693
88927248
88199204
88836871
91644079
91187389
91875015
90328945
91694543
93024131
93797912
92395390
92233805
92513681
93672608
95418255
92614460
92092262
93063229
94050232
92882632
90733172
92822157
93440454
90717057
93849834
95019445
94387396
93561451
93847655
92943851
90201301
92882970
93037330
93133189
93273489
93678078
92170629
94833713
95683297
93596624
92742601
92642841
92379329
91150246
96808769
91248333
93418267
92752022
92601235
93143739
98345512
92138284
94394996
106114491
91484292
93168562
92002369
94822992
92391439
95730675
94485245
93074510
94716257
90851267
95678897
92063733
90653915
92645945
92333710
93878991
92145956
90538254
92496072
89607666
89488324
92149365
92317997
91028573
90413032
89777061
90936603
94039834
92001986
88805010
94610930
91142793
98112821
93114210
92693466
89829835
89898379
89257133
89547172
88878675
90331173
88585247
90084242
88698063
89190630
93483526
92777750
90963195
91452350
90060944
92193937
90196667
90926587
92608820
94517218
91602825
92829952
94906260
91762863
101471819
92609508
95301465
94660251
92736567
91063898
92019053
94176711
93256643
91784910
92867773
90076963
94230575
92303311
93821290
93552697
93606283
94179399
95045789
94682518
91870743
92022257
95640381
93204678
90844738
91060850
90804013
92464766
92898774
93859320
91422231
91962749
95330195
92513635
93252329
93678988
90680924
96802447
91504816
91088561
94726687
94144223
93708768
93871594
92779219
93325643
93824381
91038384
98943493
92084674
91598792
97055010
90345917
90179066
92101140
93222188
93742636
96881283
90434356
90457942
96403639
90153550
92320798
92986596
91179918
98887525
93654949
91479952
95100191
93621496
91222446
94069838
95320611
91659690
94358923
94127829
94174719
93781827
93481491
93236432
92379141
93321002
91725471
94519463
93166813
95285244
93919974
92168842
91690660
92858055
93792804
98153883
92788770
91509699
91584359
92652194
93471438
93145452
91962462
94068161
93487983
96283628
92437071
94738785
91806352
96226996
94662698
98635713
95075423
90743082
95502461
97566813
93288576
95172387
93393777
94954708
96535671
94122799
90301539
91616598
91862561
92533244
92655329
93565006
94439651
94808317
94286536
92637946
95290400
92826760
94327532
92980607
92974612
93657192
89801232
94351047
95009417
94500896
92363114
93243816
96195039
94899144
94431890
97788016
92359347
95162724
92326667
94409282
95291322
93892429
94821013
93236631
95882722
93120680
94705907
94260585
94413001
91908165
93932539
98767285
94154493
94622010
91466032
92867051
93893255
93497895
91841861
91775209
95929277
91520264
94286590
93225641
91773372
94423119
92408851
93750862
92645011
93509269
92650397
97223358
94684842
91501693
93474000
91251594
92583659
92703815
91000435
93106653
94474675
91517426
92614767
95489618
92999134
94180666
92859967
94012139
93590082
93694627
91951185
93072018
93251367
98492361
93682806
93274022
94311642
92291814
91998626
93811648
91886863
92575854
94960152
91267928
96040717
93217996
94234613
92470767
94899338
92715153
96985522
92424566
92912271
95589202
93336830
99119320
92079088
92438248
97619204
93051329
92964662
90416838
91752316
89596709
92343413
88956528
93133669
90011953
90838937
94626798
91201146
89863956
90725143
89356253
91040147
91210365
92355287
88410939
88526983
89470659
92042722
88263776
91429363
91262848
90917742
92320524
91224654
90297496
93089836
90820523
93349804
90749182
90672152
90751960
91394893
96108594
90269250
90558582
90124471
91731492
94558759
91007022
89983257
90520699
89405262
91024939
89409485
89210025
88529515
88327195
91055187
91688530
88034879
89712174
89692981
90227758
91027546
90535330
91474653
89344258
88676917
94476684
94080504
90392224
89102482
89380741
90803707
92998105
90157188
93758756
89881338
90786738
91609966
92218168
89546428
89566346
89036712
92275608
88704320
92092158
90087845
89966573
92129584
90228065
90151128
88935264
91472799
94905039
91065287
92961679
89264883
89386920
90328193
90485328
89132254
92303804
90839314
89113812
89786768
87860586
90191142
89831296
90282590
88869789
88645951
92391084
89855764
90116452
90158220
96971001
92051634
90192817
90078616
88466944
90689978
87538871
90562442
89851860
88879123
86982439
89414681
96541677
91224217
89044275
93867537
90821701
91169787
89143955
92595271
90207190
91924580
90461853
90451450
92769244
90743063
93323948
91441292
89880504
92887884
91065738
90294136
90708983
95833768
89839450
90888582
91818524
92335324
90785101
90168191
89470144
91550393
91009538
92288706
88783226
91346785
91002688
92517009
91707451
96951980
93362498
90783651
89398493
89977748
91451190
90030458
91167361
93274327
90905780
100181151
91780526
93045116
90702142
92841032
91424653
89042694
90889581
88996063
92131834
95741973
91066168
89688811
92146654
90419649
89357617
92096333
91325176
88509963
88996578
93135627
91280401
90247829
90530709
91485737
92472277
90191124
90507249
90675257
89314891
91022238
92083736
89447088
87605910
89929928
91230411
92534595
88174007
89776785
90445296
89553077
89971520
90493100
88661318
89348587
95038306
91207734
90873650
92838147
90300845
91641667
90096548
92081604
90421472
90756141
90806775
90510019
89438230
91375528
93857894
90416967
real    2m23.051s
user    3m29.239s
sys     0m37.329s