77207974
77456049
77324601
77553486
75831937
78221030
78091569
79850939
77682460
76612681
76110165
80458467
78992756
78212684
78724124
78534759
77964364
76935600
76750890
78673755
78703134
77903080
78679518
79600795
79085745
79373673
79452114
78267089
78805443
79298783
79823915
78852891
77913492
81468043
81763255
80768208
80548756
79687075
78858096
77579229
77429307
79675619
81261307
83498713
78618833
78271630
78176463
78935446
78611389
78774459
76006954
75955717
78783081
77819620
77469836
77363046
77682243
77894017
77095263
77272208
77502508
76673677
77290998
76322432
77662850
79230744
79468771
78176051
78294322
78111740
77944999
76592573
77820189
76425898
75871129
78469885
77920841
76985830
76318931
77129499
77662246
77735795
77955259
77413459
76723958
75790199
76286892
77819555
77376902
78682967
78229760
78760714
79588384
79316796
77281879
76920592
77483520
75595219
78691876
78116424
77412051
77172439
77901544
77394147
77932818
77360845
76785910
78243864
77450752
76661185
76873136
77707812
79741923
78025453
78038373
77494382
77914356
77127180
79076165
77996899
77852276
78668877
77480201
78327426
76501667
77858087
79104065
78663557
78217775
78708199
77901643
81907181
80443229
77620326
78758760
78288609
76057125
77654774
78123603
79392137
78204631
79140884
80151053
77491746
79303684
79894131
78803700
79660675
77599181
79953460
77679801
78228682
79032367
78345259
81995549
77245910
77362496
77138728
77498184
78471452
78059405
76579595
78583433
77611763
76572643
76781718
76240570
76871987
78047114
77150489
76502977
79476390
77903602
81267862
79616571
77684391
78077490
78875985
78207839
79509466
79592707
80161893
78536697
76040878
77226148
77682060
76329572
77134946
79989376
80270108
78994887
79118467
78146580
78305494
78551531
78768717
80275711
81848780
78385199
80644019
79578739
78559583
78237324
78378851
79804386
80244997
77793494
80181706
76641648
77295282
76952630
79189059
77543001
77855472
84038174
80106683
78495767
81071238
81016943
80032846
80315709
80251516
78699770
78620377
79105507
79831075
79409914
78566904
80405576
83067288
80524580
80260754
78327916
80012093
80053664
78901168
79539877
80010191
80073618
80154889
79293548
84301833
81326912
80890681
78695861
80563013
78681031
79033198
78533254
79286898
77845536
76832998
78314078
80393137
77336839
78813157
77389021
78059464
77923519
77549964
76679533
79765152
78498577
79762350
78544885
78583009
78029006
79614968
77329474
76482822
76713313
77191753
82659712
79390547
79923163
81061606
78998200
78407992
76699111
77756234
76731848
77410350
81543657
79428302
79481643
78028191
80999063
78433514
78895332
77952805
77536013
78807660
78564835
81223123
79396292
80108015
80355939
82194363
78663670
79145695
79257060
78382679
81625586
79544448
79329734
79291069
78770964
78172676
80035289
80145207
79992962
78099212
78367433
79018014
83782842
78489603
77713200
79404050
78330560
78130510
78757432
79603226
79745354
77561660
79457340
77716798
77334158
79624815
78349691
79904747
78212626
80237036
79730923
79594502
79283584
79844014
78686300
78249210
79134138
76872877
77655790
79160589
76571870
77602796
77959712
79195953
77991288
78638395
77674243
78188557
78371713
80712189
78027409
78790289
79656929
78925617
81096018
78827267
80928551
77531791
79516196
76423465
78504046
77850281
78129986
77701515
78042182
79440137
77562910
77121010
77271508
79868884
78306336
77594411
77970147
78210287
77243822
77354412
78728668
80957871
77247018
78019160
79412246
79756005
77141938
77794483
76663491
77451048
76280817
78349123
78502411
77901466
75384167
77566126
78301276
78904123
78509368
77210964
76599439
77991377
75388817
77924755
76013909
77765442
77422939
78044680
77946602
79247835
78992981
77356212
77504079
77261974
78849504
77377678
78844758
77183890
78976466
78066934
79204330
79181525
77799736
77354524
78701609
76968023
77922355
76968329
78623816
78126927
77541741
78169061
76499237
78614040
78781037
78075324
80063032
78427903
80401533
78906134
77474983
77929665
78455054
78469052
77572833
77907955
77337724
78114976
77724553
76120997
77611961
78788422
78518283
78771798
78434398
77693156
78980730
77752036
78917962
77227892
77157474
80208689
78354062
76606878
76885278
78181685
77997576
78990516
76964716
76680671
76884191
77285042
78821036
78251199
78230906
76002318
78037678
78858410
79896601
77263488
77800662
78855441
76487223
77909607
77617682
78779443
76438138
76660042
78961783
78542915
77566419
78741312
77708060
78553214
77213775
78398287
80981122
78113999
77650429
78148593
77750434
78909183
81548566
77765787
78141205
78946152
80033179
79347522
78930424
78930214
78865878
77928722
77447604
76312586
79902463
78179190
80086790
78614747
78103696
77129183
78415118
79221611
79437470
77931937
78695956
78500385
81810082
77367771
78810018
77469449
79780557
78520440
78459335
77196809
78978155
78700053
78636556
77188218
78077721
78854524
76634749
77947814
78154245
76623295
77161804
79935900
78115112
79008184
78421246
76584676
79168940
78614084
77868234
78146644
76023639
79449964
77764224
78407636
78711504
77548118
76788404
78539152
77906106
77414060
77939287
77380407
78884939
78168907
78950350
79095151
77362197
77413217
76567761
77568689
78285240
76270236
80640309
79219718
76940226
77941009
79018271
77412218
79382313
78733572
76412719
78764521
78175220
80098637
78350912
77809359
77471878
79906809
78465242
77171931
77442499
78423067
78880426
81505845
79534669
77252480
77611436
77505013
76425195
77578703
77567208
81168665
78431002
77918192
78150227
76979424
77369641
77667658
78386541
78046200
79419501
77288442
78379610
76902038
77278421
78800963
78393420
79380356
78210387
80240493
78505134
77975980
76505430
80459134
77731108
77681205
77353900
76768749
77284170
79683794
77601724
76329637
78217759
79908800
77841714
79562096
75738555
78373150
77846876
77441804
79989080
78090244
80437539
78011011
76679489
78601098
77722436
78405020
80429836
79224963
78675727
77408744
77225142
78174191
77673817
78584242
80271441
76958297
77782162
78447096
76062117
76124438
76890245
79584130
76539290
76266168
79265400
77172725
77118439
77828563
78743274
78206518
77739886
76029589
78758440
76892816
78472244
77799691
76310897
78891180
79278757
81776749
77667445
80082835
79421016
76741067
78630396
78625034
77593764
78593666
76911391
77363341
77453109
77368682
79639966
79811398
79093648
79130062
76236019
78198340
76838859
79824375
79295810
79318572
79189733
79917502
77685957
79278984
77353550
77961564
78318510
76821554
78815431
76940624
77894161
78672400
77906877
79866158
79486205
78746002
80180210
78285523
79076132
77360016
80309932
77477044
77883657
79171607
77752642
77716916
78274523
80872226
78391010
79892903
77828278
78976264
80120125
77052606
79190391
78186640
76934278
78573048
79324105
77777410
77251431
76328775
79018347
77938417
79030694
77928038
77799557
83247358
77198537
78242498
76845799
78296949
76547889
78090599
76630238
79030377
77969188
76620358
78607290
79185037
78585599
80360916
77550019
80079793
78400848
80632902
78824030
77554162
80051373
78515088
80902995
78903006
86967883
77776182
77538388
77030297
79162695
76788046
80014600
79152246
78823924
80009421
78343114
77474335
79452833
78564162
78271821
79161862
78682020
78499992
78676385
79042604
78155473
77702971
79497075
76746596
78193352
77954165
78519369
79301955
76095599
78966881
77981852
77246475
79737830
79971928
78906770
78222031
76403173
78846801
80975548
77645161
77963331
79984856
79808698
77378947
77962594
77395704
77832399
78431124
79192992
78804976
77988136
77611935
77437840
77704837
80642869
77429100
78407113
78376578
78826103
78182435
78419923
78775575
77658846
78963531
77901223
80225451
80018395
79894390
79062067
78145845
78597431
78502717
77652223
80497900
80683029
80351286
79775788
79056474
79300116
77482814
79984399
78591602
78136722
76752467
78898851
79354819
78236728
78589978
80115365
76892440
78421570
80291721
77783434
79623008
79124692
78470300
77766599
78525939
77002176
76254859
80218535
82210613
80714388
81094561
79378485
76702751
79463991
78765308
79203039
78341536
81376275
79641370
80358426
79364263
79163296
78788446
79836486
78329137
78919630
79082029
78159329
76098442
80539940
80191097
76375272
77839270
77557826
77267080
77349919
78779752
78762202
78659006
80325849
77763833
79655270
80513739
79099825
79645782
78590504
80478813
79272356
79126891
80569133
80140258
79490601
79546161
80113710
77744220
81366202
80189245
78872593
79811961
77383818
79889645
81536975
79903176
81334173
79119173
79506895
78618151
78004586
82344003
80130841
79576571
80293633
79354004
77256145
77153841
79621412
78973941
80589028
80105453
80953195
79890681
78216847
78096811
79885882
78937767
76848947
78936636
78089159
77879455
78042410
79068544
78111152
77522895
79554627
77392589
76921945
78234714
77154596
79465951
79435249
77311375
78302955
78769658
76066750
78708269
78312518
77377945
77550149
78620874
77503960
76294677
77237231
78503612
79091563
77243250
78072834
79172597
80214417
78655879
79008219
78966161
77432038
79002087
79918410
80136217
78042970
79064949
77289834
77021357
