90285048
89150918
92060371
89249100
90082927
86532331
87726181
90101924
87873741
91965054
92875461
100227199
92221099
92186808
93472503
88103411
89383534
89861646
89742894
92703226
91960449
104273063
98423885
106021928
110409206
95886930
99056282
96303901
97903539
92750365
118360586
91782713
91912622
94970217
92903463
95344764
93113580
96705526
110589930
93411324
90987788
92031936
93692149
91541007
92489839
95943858
94913434
96072968
96607254
100720464
92061560
93677144
90730616
90223488
92911399
88170675
92024399
91236642
92957508
94005733
101681477
92008680
96683949
96321388
90806833
103180009
90852497
95419441
89620088
90095773
92746219
91395252
101764051
100484410
90726808
97406760
95132214
99376329
96952651
93737862
102390529
89647460
90910235
90212224
91997763
92086777
93106329
88853828
90257315
93442314
89939426
98952355
95729410
99139321
97224426
91839982
91784309
92003490
90793645
89891508
92161114
93749452
92651992
87827798
90470320
90580008
92370651
90276446
89874339
92387638
90658545
90536972
90777322
89554420
90345734
90205905
91730436
96084677
89725642
93139541
89931274
89918928
91099719
90835996
92126084
92668713
89760630
91403961
93942819
91811028
93013213
91532102
90723314
90830568
93115568
90737306
88698297
92425484
90315799
92855685
89235420
90399695
90571434
90197265
89968457
93277746
90721892
87149397
95966842
92698158
92549276
89448150
90483364
92360235
89845887
90560632
90856636
92049290
90786709
90486628
96442188
86455492
89804018
92485066
98064049
90141442
91198726
89105737
91490685
93674985
91140009
98230049
87370900
90359506
88440515
89745195
90455997
91523498
114665476
91561323
87190305
90195064
92850815
92994086
93000551
92606989
88178623
90589524
98178990
93023306
91076349
90092322
89658222
89020340
89911207
93832178
90403505
90369365
90653649
91157318
91330483
90003313
92463902
90893270
90511364
89270589
95748597
91970974
100157004
90160258
89840992
91892178
89295239
89580766
96396029
95174605
91855099
89232972
92779362
88907252
90828842
92301343
89068387
92311765
90293320
215074335
90197871
89938359
91207051
92927977
93659673
89845216
91756330
89781556
90343781
93028379
92429923
105787782
115866060
101549873
100171332
98734180
113354662
100789067
92449389
91584459
91874657
90123293
92184552
91483658
92238643
90060166
90549125
92728945
89618575
93593415
91996942
93695482
89940689
90634178
93351192
89104593
90754334
91341490
92896731
95944964
90588397
91656325
90786896
90484152
90925546
90693415
91461385
91422020
90502164
91799067
91616554
91593290
90690904
90878706
93941303
89764094
92576550
90931884
91258925
91657941
92778814
90199142
91058729
92327503
89917852
94631251
91907139
91031757
89392803
91264506
89736792
91540090
90786791
88971413
92336307
91531374
90822339
92222627
90828013
88993909
89926253
91481548
92078681
90443246
90293322
92072559
92101096
90879011
91252413
92960905
91536082
90805636
92924959
91822020
92818020
89595750
91444888
91777746
95823411
88905886
93529743
89967968
89319713
90368656
91084249
92428918
88489285
92294667
92687395
89748599
91992922
93039751
90967497
92812165
88670824
91411080
90638470
90504544
90055406
93842979
90205838
89108729
91624579
95664465
91009919
92341960
88715790
90212789
88494149
90429408
91767394
90981593
91197100
90725638
95594730
90962390
90093822
91845213
91154940
93345001
89828532
90176843
91004888
88642463
89603596
90687406
91426096
90841865
91032696
92442183
89700335
90901015
91138067
93082067
89783977
89987027
92851249
91739150
92902002
89586531
90388337
90178609
90793264
90127502
89506778
92150547
89331444
91175815
90839269
94044663
99395264
95180574
91245721
87508007
89497130
91827419
88929691
93299968
90333970
90550795
93787581
94405582
93432385
94302894
91185263
89942885
91384340
90332119
93856811
90486697
91231474
90936642
92271155
90331767
90447697
90244918
91523311
92174923
93265456
92943499
88881914
92239562
90421599
92053903
90019035
89897590
93486407
89795539
89233911
91565832
89414437
90258966
95349055
89222867
89298758
90056194
90485596
92118234
91249536
89839830
90622223
91629674
92079190
91288962
89634483
90612482
89663462
89750722
89992647
91496123
91089176
91540451
93112038
90034776
92228969
91140525
91527151
91640512
93111600
92851668
90585150
96271423
92359701
93521128
90288272
91498742
92864684
92193118
92514880
92419902
89753899
89983013
90731407
90544112
89289788
89499869
89660225
100514548
90329296
90431178
90090919
89995839
88909977
91725455
93439734
92402518
91571403
90741612
98384278
91680793
89994578
90780113
93833198
91417400
91759933
92231143
91538437
92553954
90858658
90374334
90928498
91782155
91817882
90204969
90711080
92165766
89126318
91898694
91178234
90660995
89780497
88658297
91511241
91046736
89414942
89396578
92229791
90158745
88460439
91557990
94700242
92649528
89673683
93494439
92970030
90151422
90346699
92876411
89287500
92122599
94642704
91483932
90376336
90681648
90573317
96398782
90980750
93004666
92141538
90671943
91660637
90556078
92842312
88260141
91997830
91631559
92484670
91672058
90330796
88566124
93033814
93678484
88798563
92702092
89086877
90767091
90855795
89008845
91534201
91679598
88541930
91172273
90235987
92296579
89957952
93088979
89812892
93198459
89614329
93246545
90999580
89235032
89458876
89213718
91483028
91334598
89776269
89588439
90033931
90954429
91421873
91935275
92845897
95123892
88930631
89775875
90147297
91066576
90080825
88612594
92518067
90445785
92694683
90520484
90875157
92331407
92313610
93373082
91179500
93446497
90910647
88003328
93631702
88812035
91307657
90372854
94557338
90514607
88659761
91050660
90190744
89372246
93514894
89965535
90900931
93350301
90950284
91060755
89415094
90095864
89466954
90733385
92242145
90869546
92711189
92137914
90704632
90359217
93873375
89898264
92754621
93460694
92143057
92679032
89158108
92479400
91091384
91952022
91034854
89704433
90115452
91737625
90740581
92529027
93823378
92675392
89521357
93101005
94663648
89777416
88851388
90459278
89675163
91608084
89981522
89174669
89377336
91051571
90223095
91363951
91705112
91271550
88987895
91298790
93644196
89698020
92756769
92254021
89099057
89834594
90203143
92766972
90676841
93225456
93397168
90066198
92453686
90693248
91051318
93698846
89590294
89638806
91268792
93368778
91666504
89998681
90015532
90109801
89657392
93937415
92132920
95190023
91242147
92399291
89705195
91050476
94030328
91646292
91355790
91489216
92484366
90428218
88930410
90831794
91794140
94272703
93547052
93246308
91730178
94754874
91707648
92251663
93693125
92500153
93420971
93501918
93282540
94439355
98592906
104300102
99820780
94241879
98783449
100560496
97169317
99251455
100347728
97053147
95614883
94918979
100424428
103854765
99823069
104105735
100993114
97352697
143219013
103996791
98164236
98116928
103365498
108521327
96389998
91200613
93254160
91392745
100310005
104306330
97995139
101576768
96215789
97152033
92176775
92536284
93153762
96396288
96024412
95342790
96272737
95492272
96219195
94306047
95262621
101044227
106387159
95579403
98449620
96891594
98226312
107670230
94843658
99285219
107931325
103065178
94523068
94579158
95719480
93742858
93864652
94382306
94756185
93952405
97212792
99903623
93954124
93779491
96132250
94134684
95833166
94259337
95046193
97063425
103496087
97048505
104128110
94565620
102355287
106152000
98715203
95091517
95516676
108442723
97269909
93612567
93777712
102622636
96022290
93132564
93276670
94281761
96957396
113750783
101620310
102187724
106288512
96602518
101823044
102311423
97041540
93091722
96431897
93106116
98062591
95641960
94581591
94255313
97094813
96942472
99544706
94550930
93028174
94215241
95400738
94437144
94909082
94995763
95796132
93679750
94431475
96800753
95800578
95975973
93194116
97632868
94923342
98596104
101297233
96758865
94927927
96358495
95570459
95423627
96547119
94127886
95278241
95131868
98109989
95721521
95177244
92162341
101186977
102242154
93503226
98829004
99752412
93245898
94030412
93238043
96200177
91714283
91772603
92622096
95403025
91761690
91267275
99108655
98365306
93447317
92879768
90819825
91481262
91968099
92049936
91864877
90872611
94906083
91821218
93168675
90167917
92802634
94928672
94491156
90646487
95974458
103313555
94448864
91378379
93119768
96604561
92016891
93809684
92547646
113323146
107811952
119423159
116092921
101576175
96559189
104717769
112001838
102121421
96395265
113141599
95953446
92022723
93312839
95510820
91834916
93056270
90518743
96257186
96342091
91867006
93605736
93149680
100648828
95402432
93925272
93542134
100071087
92242364
97588779
92548999
94115308
99771556
99923040
95029941
91192249
93003117
94185162
94552662
92627406
92045551
90477112
92741605
91566100
94379959
97250760
91511936
94881741
91309249
100851566
93746333
91160180
94577314
93422811
102704100
111114361
93193945
94035690
92052261
92180204
93502247
93776766
97325463
97822216
93480402
93950452
93099664
91717181
93406400
92900337
91667925
90924824
94120193
94916160
93717162
94583196
91711033
93746658
92821803
94031302
92342508
92092238
90904789
91547829
92254952
93308377
93655873
91679954
91450416
94187108
92044517
91037570
real	16m17.810s
user	1m43.522s
sys	1m3.695s

