84940993
84401843
87839409
81128278
80968763
82315794
83264571
83807502
82778397
84317070
80939157
82800726
82260796
83030194
83692769
80830038
82596570
80785439
82043702
86169355
82064617
80520080
82336162
81986800
82839019
80519968
87743112
82801185
79165417
82900370
85932247
82164999
90903233
85208706
83077323
83625353
81723838
82327996
87798081
83514568
83705987
86072608
84997698
82848701
84549526
85010824
86998819
83376778
85004567
83586335
80919850
85406123
80915635
83494479
83185356
89096320
85062969
89875844
81891333
85183012
83583707
86169744
80831063
83270998
81701249
82645959
80645555
83749465
83646375
82166986
83225579
83510783
82076958
82961061
88603480
83152250
80903328
82599327
88329355
83353034
88154545
85392436
82996129
85123270
84661489
81718651
83746583
82414864
81137248
89988943
84787660
82123397
84342688
81752043
83419679
82857054
85518562
82889452
81231481
84064276
82569961
83186021
82834870
86238475
83214791
81821203
82063254
80293104
82205952
82354572
91343669
85210390
83466370
82390834
82040359
84574442
81750582
85401271
84050977
84271742
81943960
83293535
84871157
83579137
82135010
82373485
81675136
82441355
82447184
83212564
82671359
82623513
82543879
81872347
82581769
86036508
82152940
79875584
82717667
89022266
88601774
84145881
86815119
80982221
86769993
86643277
82703778
81350324
82730587
87164613
82959926
82544273
82220977
81664415
83687908
81744835
81157449
86744321
83021663
83907150
83415122
83870697
81306468
83275038
81793634
85388331
86609286
81878301
83467575
83453324
82486783
81836207
83510814
84166194
83224132
81971618
81910344
84613887
83736065
83504023
89640947
82159483
83278614
81687271
81589031
82982995
83103118
81715007
80067486
83389512
81110714
84779253
80847549
84812909
85716749
83377671
84439788
80915048
83305094
82943783
84230746
82296679
80247876
84612631
80808936
85058835
82297129
84831587
86491107
82669215
82936047
81349977
83621058
86557391
83829746
84894944
83667426
80995549
82923921
83574850
81443890
88322918
83735207
83223772
82549684
84850447
81415145
85134846
82214391
80904264
83210703
86061789
83302782
86018297
85743463
84920194
82282766
84735452
101900340
82589793
82968620
84899847
81326461
82449761
85612215
81325715
85057604
87880475
81678443
87349813
84003552
83176813
83936537
85979139
82678890
84058339
81695027
81855188
84387041
87135539
80084038
84370321
86047120
82583134
83955673
82466398
86487159
79955952
84708524
81516905
82264383
82489643
81580015
87028462
80723366
82154695
83477904
85450825
81544504
80591399
80573150
83166159
84532685
84222064
82075254
81121727
84568375
81593485
83318504
80409805
85211266
89664660
83285497
81780511
81430775
81406845
81939300
83494610
85994668
83247180
83880185
81747666
86958671
86456871
83498914
83469714
86069605
85404462
83700898
86140673
85077764
80307788
84044487
83741978
81105780
81402830
82932493
85221111
81587376
82235764
85232579
84294286
84192797
81871021
83625259
83728456
82428993
81987732
82365702
84212299
85108295
82980140
81594992
82624831
82500856
86249828
82458632
82032925
81584332
85647746
82614170
85590864
81956061
80982719
80437051
82955599
81287064
85152084
83290704
88957501
83714882
83472930
82513287
83506424
82968461
81343885
84588297
82629448
81387945
80931228
80116135
87032467
85668178
87715882
81170775
81954411
81574187
83025693
84717897
82544120
81859728
81599677
84302392
86078346
83080817
83109145
82131601
82871611
82926326
85127526
84852126
81737856
84581686
82708957
81572427
82527760
81052912
81984616
81826227
84937123
81544234
82150266
84010129
81637935
81198794
82374919
85144595
85192333
80902484
80423059
82393396
82039908
82802413
81501587
82720685
82600982
83312022
81894565
82230820
82144609
82427361
80532866
84989658
84522050
84904886
81029105
82371379
84404147
86187309
85500543
82558292
81134180
84060052
80684502
82999106
87783871
80002363
83130586
80659736
84858219
85454075
83266443
81417027
83272878
84454631
82116970
82966701
83469803
81786490
82008370
82049950
82473629
82213427
83076342
85213140
81679201
82833308
82139608
82512690
81408184
88616872
81746499
87721145
81568042
88009726
83084600
85772689
81973786
86984895
84620968
82690984
81304298
92461062
80039264
84041239
82241698
85921626
81079577
81885492
83699431
86146393
82289232
83587030
81633620
91874871
82477327
84456565
84482679
82802119
82853585
85848874
82507273
81802819
82840920
83950021
83098062
81991923
83570526
83081186
82131618
81463415
81973399
84032596
82111210
83155167
83003794
89715729
84052427
81271275
80511561
82798801
83445072
81900545
84423899
82868765
81699896
86197303
87198448
81482493
81695760
82320046
87630813
84188045
82733703
85212028
81586670
82912521
83853510
83965757
82410008
79704992
81373810
82418478
85226995
80698585
81086856
83784883
83907753
83939750
82097789
81083904
87484482
82026634
84641801
83287596
82473382
81175085
85349674
85354585
80415026
82074581
84059533
82492132
82669086
84997804
83502109
83855942
84801203
81844369
81492934
84419842
82352596
84335875
84669818
81290299
81985487
82194275
82562691
80782656
82799871
84061880
80550919
82030260
83055734
85616142
83335128
85656547
81888035
83432277
85567578
81874066
84451938
82610853
82690691
82238992
82749942
81962730
83106789
81486016
85969481
80876463
84597894
80631477
84679910
82879973
83199734
84898652
82250973
89991576
82946715
81487104
84102708
81923765
85836676
82997820
83327648
85350622
81218106
85082900
81160498
85379151
84627635
84693130
85519713
83520930
80762735
81775260
88060976
82609741
82473499
89806264
83227709
82541015
83588814
81796879
85778544
82577873
84214593
82834041
84888468
83216295
81965251
81783753
82390565
81893273
82293337
84139149
82247146
84094979
79740974
83819083
82957059
83412441
84690395
84486684
81239242
85062575
82751820
81023863
84752010
86514693
85034434
92726710
81275612
83126583
85394816
82126232
83337558
83121632
83378301
84845850
83211698
86560150
81043490
83696852
84954812
82215124
82706959
83205270
81783150
84957026
85013767
83204184
83513001
81180805
81119235
81825026
84895750
82407704
79367886
81219956
81937134
84868400
80936309
81843515
82308983
82305948
83795828
85543749
82016476
82869367
85380525
82098761
81774762
81893061
82036603
81948104
81822540
84585679
80794646
82479862
82830860
82808701
83732379
81656411
84479882
83643010
83367606
85344444
82483323
81675271
80656668
82369892
85235046
84418894
83916700
83077834
83555866
82569063
83038202
83244350
84347050
82780448
82690087
81475446
82650842
81793953
83981142
85128387
84246695
81845060
82328355
81427884
84410231
83590916
84324039
81773071
82695133
85141705
81886831
80290180
81957295
82192077
81394621
84838439
83130554
86334262
81875302
86290527
81065223
83446100
82761281
83575192
82597170
83395656
82907170
80855725
83265113
85077645
82945791
82836756
83041480
81780955
81138171
92339583
85490461
83538603
91247124
84220615
82100830
84292063
84347324
82393361
85456515
83455873
82758486
82289688
85887507
88578494
83830581
82028502
82145306
83573442
84107271
82533649
85297741
82699180
82536028
81768999
84544347
80495522
82053571
84302293
84605964
82172784
87360784
82697211
84159454
84920411
82495334
82325647
82561539
80058955
83167998
85694352
85732207
83904054
81273710
80899881
81982796
82907309
84274733
80518683
81054922
83424083
81036076
84263410
82755761
85563070
85128010
82027843
83904435
82631174
81773819
81271239
82496579
82923589
83513974
88668152
81360136
82714541
82562673
81243230
83333051
81264245
82488599
81724693
83899331
84590851
83674568
84798490
83156913
88918591
86211669
87039384
82888386
87663012
80511961
84102727
82501284
82151783
81225657
82923134
81087952
84196557
82355933
82066864
80456231
83242694
81568498
86009667
83732043
85760850
81135301
82880418
82246370
84614930
81547477
81336485
82128196
83332093
79776028
82398160
81842157
82805640
81001579
85938796
82168255
81908304
82597624
83406184
85000941
80326921
83172295
83087052
83399793
82113125
82480014
81523223
80349040
85037858
81162653
84344630
83085309
80898666
81402997
83390592
81538650
84761249
81984276
84549163
83020151
84416223
82116473
86432808
86657054
81312644
83125979
84026040
86424946
83183601
82570466
84706853
83024411
82171713
83237394
81715641
84693184
83952916
79693591
84000614
82872933
84600191
86436560
84400262
82352813
84100326
82014670
81090670
82737919
80953186
84630963
82191717
83396798
80447990
85484109
82061775
83818169
87709463
81685109
81543362
83916657
83075555
84793686
81451391
81281203
83994848
82247296
83126787
82867630
82346897
84173128
80166868
86368702
83995508
82098033
87706987
87290231
81529971
85857598
82638249
84765721
84490033
80685175
81080509
82561632
82543647
84217343
82568948
82180454
82540987
84321020
83155521
87451440
81067769
80606162
80521183
86575812
82306599
87178163
82227417
85517055
82788713
84866859
81260437
84586244
85097505
84992717
86447130
82668762
83291047
83375366
84000281
82633144
86674890
83951288
82141995
84359742
80598081
82840435
83020662
87823675
82179991
82073347
80919701
87927929
81480266
84118038
81550710
85359137
real	14m29.459s
user	1m38.414s
sys	1m2.609s

