78779986
77783006
79171380
79066016
78983591
79802877
79154556
78328675
80375776
79854267
80561966
78629962
79009872
80582939
80946029
79916837
81168135
80228625
79701501
78932742
80492101
80378757
78572154
79441781
79769681
79514862
79076591
80454219
79285165
81041898
79126097
80205783
78819069
80105884
79387260
79757971
78933438
80111027
78817305
80674403
82843008
80678361
80151394
78435273
80095508
78888535
80245256
80095328
78678176
80393139
81013933
78385356
81659410
80875232
78233064
81746450
80451151
78629576
78883978
78871998
80177698
78448335
79287513
80563424
79308004
82161599
78670496
78995820
78787476
78620561
78997673
77713220
80560474
78996127
79653751
81459597
80641241
80582646
79569196
79772769
80225210
79265620
79113336
80314029
80111551
79880033
79300582
79933694
78608225
79111348
79396103
78958736
80669308
79982921
84254146
79491038
78103785
81482744
78861174
79214514
78443519
80709388
80441096
78096525
78299695
79872552
79544702
80522556
80766976
80304699
77629655
78545660
81579675
79990120
78241768
79945988
79198941
79691690
79858966
82032629
82428759
79629657
79312802
78773785
79685321
80176156
77611855
80873583
78680670
80758191
78514699
79003964
79369298
79377186
80150912
79328963
78732279
79665729
80171408
78733047
85437084
79641097
80113501
79566923
78584803
83426089
81459782
79628765
79067441
78701210
80234944
78776890
79437059
80923797
79996302
80373439
81095056
79951034
78644280
80030302
89893287
78611529
79815789
82910629
82223572
79889109
80052438
79986891
80047254
79543446
78285336
80066545
80448203
78430659
78393359
80035854
80149209
78277869
81207145
80499355
78741933
80427922
81437683
79289578
78301934
79547626
78843694
78730915
81025989
80451905
80615120
78522278
80537734
78590568
80483823
80907176
79363547
79497919
81767667
79865733
79252453
80066273
78383978
80624335
79104642
79873084
77919656
79589515
81427090
78702215
78945506
79663583
80497720
78979771
78695456
79405100
79407812
80075109
79952546
78599428
79267456
79164760
79225050
79684450
79636711
77159550
77818992
80569057
79169692
77928771
80021567
80113743
80326780
78547488
79390075
80699347
79086299
79990855
78211143
82714315
78322031
77779036
79117820
78449918
81242602
80492295
80400878
80317431
78649886
79485023
78451591
78830644
78779903
78453615
80171658
78848802
79052820
80984639
78167546
77779115
79029545
78100883
78611834
78903285
78757925
80444278
78769289
79935151
79999192
79489734
80743120
78731187
78917415
80367737
79224806
80133121
78996647
79427592
78416783
78885990
80952934
80305314
79224227
79981314
79082255
78681528
79171980
79672544
80361140
79498717
78125145
80236873
79864668
78186804
79374256
80605053
78128634
78364209
79430256
80637407
82696650
78653207
81432294
79409657
79616389
77520228
79920275
78507071
79080406
79121359
80271080
79800881
78816581
79458215
78417372
78474400
80002712
77955729
78395151
79809973
80893878
80567753
78852964
78988001
79136158
80457157
79640247
80763076
78972033
79406362
80033615
79956067
80414211
78945138
80731031
78203739
80233289
81249329
78134418
78021327
80235376
78421709
79721608
79923069
79708058
80799812
77916513
78957974
80072331
79416302
79399918
78962404
79580040
79862443
80044536
81179642
80137265
80439899
80064679
79701294
80995468
80050976
78847433
76813560
79436626
78343431
77763295
78147224
79561724
79728152
80384096
78875808
80018065
79561133
79353573
78690834
77898602
81542733
79719786
80009878
77474084
79719620
81213345
78942541
78114487
80452277
77367058
80251505
80800067
80151674
80454647
79369810
80558712
78632584
79457843
78898213
80599975
77505579
79747527
79293486
78633381
79082814
80075131
81589087
79523268
80774609
78977161
78572065
80179993
76764163
78255759
77583922
79442235
78732253
80048060
79626212
78635383
78525048
81065457
80319990
79975319
79173880
80481549
78792139
80332127
80515127
80389956
78875886
80732976
78753450
80635094
80737890
80787156
79515973
79085486
79967806
78300717
82094510
79870259
80997437
80092076
79836553
79671943
78326061
79049071
78411058
78938960
79134328
82357675
79087893
79259117
80183443
78644669
79892131
81317103
79995792
79437593
79605246
79992854
79574833
78730665
78914698
79138822
80519975
79963795
81439309
78835301
80335764
79582172
79166378
78323875
78605244
77925579
79352740
77775735
79378487
80155039
79415584
78550845
79957282
78736334
80869026
79701320
79475627
78936242
79131797
79329624
79178039
79190386
78184825
79825774
79579845
79672268
79954499
80183020
79689354
80007204
79762140
78174034
79005753
81062071
80929142
79594788
81561720
78491281
79476306
78602972
80058159
80113761
80896678
77932791
79229091
79585727
80131987
78623866
79242944
79316915
77845289
80300402
78841411
79623145
80470568
78790973
77571353
79044823
79450376
79785663
79967465
79698691
78813595
80233542
79255842
79468962
80959753
79232673
79036993
79524421
79067159
78537791
80369314
78098399
80334177
78647117
80363884
79940787
80257037
80150792
80254699
79443343
79830255
79040569
78013650
79352994
78926493
79267062
78976356
79591895
80473522
79662006
80154467
79867462
79233603
80192802
79340879
79421756
80309249
79303443
79313032
80269908
80154880
78507896
79540288
80969753
80043691
78314565
81019213
80125442
79211101
80356479
79306881
80796764
78694905
81703329
80340303
78577498
79170813
80574598
79765116
79843495
79525773
81282369
77951128
79790918
78591826
80043204
79411822
77480832
80224346
79359022
81266144
78255740
79151886
78487256
82210539
79097812
79388209
79993205
80122637
79903682
78583758
78628386
76860259
80448577
78940475
80095959
77413317
79283038
79042907
80287335
79991629
79521523
77759297
78744235
78766417
80836142
79480907
81238683
80361834
79798391
78898059
78359917
80565287
78735815
78787556
77975828
77156121
76880648
79419641
79655052
77747090
80050802
79824418
79902294
78961106
85132549
79116043
80698735
80260039
78887754
79246387
80077589
79075663
80728699
80013345
80035475
77718174
80583363
79546901
80737205
78108649
78754583
80705396
79680604
79763020
80341686
80702823
80820636
77794761
79982742
77932697
80264654
79747221
80431410
79489269
79251353
78851633
80609723
80209096
81244907
78681312
80368676
81231524
79160055
79588927
79437498
79616235
78797070
81548851
81270646
82362635
80090289
78339770
79159527
79731381
80372136
78722558
79042662
78824064
78743454
79623537
79445063
81066405
80861314
79790551
79041347
80461461
80537758
80396745
79458736
79507848
80402042
77930202
79881526
77696089
79622596
78313020
78807866
78572963
79269708
80494438
80007724
80839942
78779004
80125885
79786079
80256537
80252635
79638683
79752968
79984446
79745861
79561520
78619710
79680900
81615996
82215769
79961835
77327188
79676333
79496820
81616261
78117849
77515203
77852947
78187971
79148435
78846887
77695916
78025680
79775841
80675915
80696563
78924281
81523078
78463403
79839917
78407566
78891629
80575728
80890205
80044246
82794076
79162714
81366025
80751224
79939740
78045116
80183677
79151529
81012948
78818916
78069583
79508044
78433736
79369427
78433001
78711245
81036847
79756627
79846650
80490988
79221646
81052347
78470820
80414309
79700599
79653669
78486892
78718354
80156547
78584767
80389557
79457136
79235730
78795941
81325679
82517104
80394268
79223662
80510305
81327616
80432994
80410324
79160517
79324572
79816119
80138158
80338425
79189585
79360115
79915843
79582767
80002528
80260353
80639299
80201626
79690527
79316161
80482425
79136601
77632513
81711003
80025504
80453135
78489158
79388065
78987854
78345055
79036731
78401206
79642579
79754194
80470482
80218016
79797966
80054062
79589786
79244919
79484886
79696700
81162830
79747371
78196960
78832393
79973491
79701580
77457506
79191484
79943060
80316077
80376954
80442855
79873400
78330690
79502634
78409605
79445566
79283348
77843130
78513981
78655824
79593024
78748753
81629919
79339010
80186989
80672077
79441459
80966826
79468886
78197575
80438929
78975061
79921464
79990571
78928855
79478097
81184670
78699750
78614402
77388131
79686968
79213800
79803257
79810069
80033759
78955306
78549783
79714883
78538457
79884583
78901280
79515579
79092192
81311695
77879959
80446820
80321327
79493435
79169973
79300709
81113252
79384576
81218767
79342568
79632374
79282246
79703517
80057552
80628661
82143975
80562920
80775218
80653340
77874294
79512418
79997664
79877132
79682197
78270138
81253277
80796057
77935183
82256270
80183066
78913999
80192800
80604320
78765351
80807380
79878542
77526158
77009232
78038155
79805071
79680936
79965227
79792447
79496907
80856456
80699502
81159454
77873423
79966545
78042122
80064297
80372655
79444895
79678434
79977682
80281744
78984287
81009008
79424244
78280954
79928414
79966319
78189625
78849612
77881643
80479641
79455503
79278639
80091842
79688512
80334651
80512779
80148902
80704416
78983244
79225236
82818231
78328829
80026358
78516183
79707631
79798083
82739573
78680555
80197532
80164974
79756183
80126461
79343011
79798508
79830891
82776213
79726849
80541299
79085254
80776696
80784191
80616287
80081645
78636268
79903327
79268219
80994001
80288176
78881730
real    2m14.063s
user    3m17.386s
sys     0m32.607s